-0.0545862 0.130985 -0.0763636 0.0121242 -0.00172348 0.271783 0.109172 -0.160423 0.0623506 -0.00606208 0.0926204 -0.0881771 0.0209997 -0.00487474 0.0353833 0.0771966 -0.185241 0.107994 -0.0171462 0.00243737 -0.0311753 0.0121242 -0.00422165 0.0500396 0.00676638 -0.0654925 0.0623506 -0.014849 0.00344696 -0.0250198 0.271783 0.109172 -0.160423 0.0623506 -0.00606208 0.101072 0.543566 0.133708 -0.130985 0.0311753 0.0771966 -0.185241 0.107994 -0.0171462 0.00243737 0.384359 0.154393 -0.226873 0.0881771 -0.00857308 -0.0654925 0.0623506 -0.014849 0.00344696 -0.0250198 0.0545862 -0.130985 0.0763636 -0.0121242 0.00172348
-0.0760424 0.0156531 0.213408 -0.00286107 -0.0270739 0.00320286 0.152085 -0.019171 -0.174247 0.00143054 0.0110684 0.246422 -0.00495553 -0.0765766 0.265803  0.10754 -0.0221368 -0.301804 0.00404617 0.0382883 0.0871233 -0.00286107 -0.0663173 0.375902 -8.61587e-06 -0.00782654 -0.174247 0.00350409 0.0541479 -0.187951 0.00320286 0.152085 -0.019171 -0.174247 0.00143054 -0.00204546 0.00640571 0.186265 -0.0156531 -0.0871233  0.10754 -0.0221368 -0.301804 0.00404617 0.0382883 0.00452952  0.21508 -0.0271119 -0.246422 0.00202308 -0.00782654 -0.174247 0.00350409 0.0541479 -0.187951 0.0760424 -0.0156531 -0.213408 0.00286107 0.0270739
-0.0102276 0.0199783 0.0423435 -0.108441 0.000118747 0.0343871 0.0204553 -0.0244683 -0.0345733 0.0542206 0.0141268 0.048894 -0.187826 0.000335868 -0.129501 0.0144641 -0.0282536 -0.0598827 0.153359 -0.000167934 0.0172866 -0.108441 0.00029087 -0.183142 -0.711436 -0.00998914 -0.0345733 0.132813 -0.000237495 0.091571 0.0343871 0.0204553 -0.0244683 -0.0345733 0.0542206 -0.472493 0.0687743 0.0250525 -0.0199783 -0.0172866 0.0144641 -0.0282536 -0.0598827 0.153359 -0.000167934 0.0486307 0.0289281 -0.0346034 -0.048894 0.0766795 -0.00998914 -0.0345733 0.132813 -0.000237495 0.091571 0.0102276 -0.0199783 -0.0423435 0.108441 -0.000118747
0.0199088 0.0356988 -0.116541 0.0489712 -0.000136563 -0.0592691 -0.0398176 -0.0437219 0.0951552 -0.0244856 0.0252428 -0.13457 0.0848206 -0.00038626  0.30742 -0.0281553 -0.0504857 0.164814 -0.0692557 0.00019313 -0.0475776 0.0489712 -0.000334511 0.434758 -0.0208359 -0.0178494 0.0951552 -0.0599772 0.000273127 -0.217379 -0.0592691 -0.0398176 -0.0437219 0.0951552 -0.0244856  -0.6103 -0.118538 -0.0487664 -0.0356988 0.0475776 -0.0281553 -0.0504857 0.164814 -0.0692557 0.00019313 -0.0838191 -0.0563105 -0.0618321  0.13457 -0.0346279 -0.0178494 0.0951552 -0.0599772 0.000273127 -0.217379 -0.0199088 -0.0356988 0.116541 -0.0489712 0.000136563
-0.145026 -0.0467087 -0.0558862  0.11492 -0.00129777 -0.078005 0.290052 0.0572062 0.0456309 -0.0574599 -0.033028 -0.0645318 0.199047 -0.00367065 -0.144929 0.205098 0.066056 0.079035 -0.162521 0.00183532 -0.0228154  0.11492 -0.00317887 -0.204961 -0.0716594 0.0233543 0.0456309 -0.140747 0.00259554  0.10248 -0.078005 0.290052 0.0572062 0.0456309 -0.0574599 -0.146071 -0.15601  0.35524 0.0467087 0.0228154 0.205098 0.066056 0.079035 -0.162521 0.00183532 -0.110316 0.410196 0.0809018 0.0645318 -0.0812605 0.0233543 0.0456309 -0.140747 0.00259554  0.10248 0.145026 0.0467087 0.0558862 -0.11492 0.00129777
0.00613364 -0.21821 -0.00550799 0.00781606 0.00103985 0.188826 -0.0122673 0.267252 0.00449725 -0.00390803 -0.154298 -0.00636008 0.0135378 0.00294115 0.0663239 -0.00867428 0.308596 0.00778947 -0.0110536 -0.00147057 -0.00224863 0.00781606 0.00254711 0.0937962 0.0262228 0.109105 0.00449725 -0.00957268 -0.00207971 -0.0468981 0.188826 -0.0122673 0.267252 0.00449725 -0.00390803 -0.166011 0.377653 -0.0150243  0.21821 0.00224863 -0.00867428 0.308596 0.00778947 -0.0110536 -0.00147057 0.267041 -0.0173486 0.377952 0.00636008 -0.00552679 0.109105 0.00449725 -0.00957268 -0.00207971 -0.0468981 -0.00613364  0.21821 0.00550799 -0.00781606 -0.00103985
-0.0124195 0.0308182 0.0543897 -0.0645291 -3.89116e-05  0.02671 0.024839 -0.0377444 -0.044409 0.0322645 0.0217918 0.0628038 -0.111768 -0.000110059 -0.162748 0.0175638 -0.0435835 -0.0769187 0.0912579 5.50294e-05 0.0222045 -0.0645291 -9.53136e-05 -0.230161 0.687967 -0.0154091 -0.044409 0.0790317 7.78233e-05  0.11508  0.02671 0.024839 -0.0377444 -0.044409 0.0322645 -0.551925  0.05342 0.0304214 -0.0308182 -0.0222045 0.0175638 -0.0435835 -0.0769187 0.0912579 5.50294e-05 0.0377736 0.0351276 -0.0533787 -0.0628038 0.045629 -0.0154091 -0.044409 0.0790317 7.78233e-05  0.11508 0.0124195 -0.0308182 -0.0543897 0.0645291 3.89116e-05
0.0711979 0.0398319 0.109415 0.199208 6.07644e-05 0.0630339 -0.142396 -0.0487839 -0.0893369 -0.099604 0.0281654 0.126341 0.345039 0.000171868 -0.116209 -0.100689 -0.0563308 -0.154736 -0.281723 -8.59338e-05 0.0446684 0.199208 0.000148842 -0.164344 -0.119406 -0.0199159 -0.0893369 -0.243979 -0.000121529 0.0821719 0.0630339 -0.142396 -0.0487839 -0.0893369 -0.099604 -0.201364 0.126068 -0.174398 -0.0398319 -0.0446684 -0.100689 -0.0563308 -0.154736 -0.281723 -8.59338e-05 0.0891434 -0.201378 -0.0689908 -0.126341 -0.140861 -0.0199159 -0.0893369 -0.243979 -0.000121529 0.0821719 -0.0711979 -0.0398319 -0.109415 -0.199208 -6.07644e-05
0.0125566 -0.00436917 -0.0296972 -0.000478009 -0.187017 -0.00129707 -0.0251133 0.00535112 0.0242477 0.000239005 -0.00308947 -0.0342914 -0.000827936 -0.528965 -0.0377416 -0.0177578 0.00617895 0.0419982 0.000676007 0.264483 -0.0121238 -0.000478009 -0.458097 -0.0533747 -3.64908e-05 0.00218459 0.0242477 0.00058544 0.374035 0.0266873 -0.00129707 -0.0251133 0.00535112 0.0242477 0.000239005 -0.000349697 -0.00259413 -0.0307573 0.00436917 0.0121238 -0.0177578 0.00617895 0.0419982 0.000676007 0.264483 -0.00183433 -0.0355155 0.00756763 0.0342914 0.000338004 0.00218459 0.0242477 0.00058544 0.374035 0.0266873 -0.0125566 0.00436917 0.0296972 0.000478009 0.187017
0.000387636 0.000216526 -6.34307e-06 -0.00026919  0.27071 -1.11298e-19 -0.000135081 -0.000260367 -0.000114259 -0.000378765 0.000389006 0.000148803 0.000427885 -0.160377 -1.05106e-16 0.000465133 0.000361811 2.76954e-05 -0.000345794 0.504438 3.7159e-05 0.000158928 -0.0758298 -3.43415e-16 2.21563e-21 0.0005976 0.00028754 0.00106901 -0.541017 5.24902e-17 -1.47275e-19 0.000568879 0.000833027 0.00028754 0.000766891 -7.72993e-19 -1.40572e-20 -7.9735e-05 -0.000123845 -3.7159e-05 -0.000530416 -0.00026946 2.76954e-05 0.000464307 -0.442352 -1.66542e-19 -0.000168637 -0.000333429 -0.000148803 -0.000499206 -0.000295152 -0.000114259 -0.000334126 0.128465 4.65342e-17 0.000284651 0.000209767 6.34307e-06 -0.000277865 0.368651
-0.261483 -0.00941179 0.00493483 -0.0928236 4.11888e-08 6.05445e-17 0.0911198 0.0113175 0.0888919 -0.130608 -0.016909 -0.115767 0.147545 -2.44016e-08 -1.70618e-16 -0.313759 -0.0157269 -0.0215467 -0.119238 7.6751e-08 -0.0289092 0.0548025 -1.15376e-08 4.23622e-16 1.26522e-15 -0.025976 -0.223702 0.368622 -8.23165e-08 8.09469e-16 5.38052e-16 -0.383742 -0.0362094 -0.223702 0.264443 -1.13389e-15 -4.01872e-15 0.053786 0.0053832 0.0289092 0.357797 0.0117127 -0.0215467 0.160105 -6.73045e-08 -3.53714e-16 0.113755 0.0144933 0.115767 -0.172139 0.0128295 0.0888919 -0.115215 1.95461e-08 5.38003e-16 -0.192014 -0.00911798 -0.00493483 -0.0958147 5.60907e-08
-0.0178613 -0.0877598 -0.00973259 -0.0589022 -6.43063e-05 -2.53928e-16 0.00622419 0.105529 -0.175315 -0.0828784 -0.157667 0.228319 0.0936265 3.80972e-05 -3.9697e-17 -0.0214322 -0.146645 0.0424949 -0.075664 -0.000119828 0.0570155 0.0347755 1.80132e-05 1.61991e-16 1.84057e-17 -0.242212 0.441191 0.233913 0.000128517 -1.49702e-17 -3.26962e-16 -0.0262126 -0.337633 0.441191 0.167805 -1.85985e-15 3.31602e-16 0.003674 0.0501954 -0.0570155 0.0244403 0.109214 0.0424949 0.101596 0.00010508 -3.62706e-16 0.00777038 0.135142 -0.228319 -0.109232 0.119628 -0.175315 -0.0731108 -3.05165e-05 -2.4229e-17 -0.013116 -0.0850202 0.00973259 -0.0608002 -8.7572e-05
-0.201169 0.0974675 -0.00679278 0.0405735 -1.14869e-05 -1.45777e-16 0.0701018 -0.117202 -0.122359 0.057089 0.175108 0.159353 -0.0644927 6.8052e-06 5.54147e-16 -0.241387 0.162866 0.0296589 0.0521196 -2.14045e-05 0.0397934 -0.0239544 3.21764e-06 2.97964e-16 2.1077e-16 0.269005 0.307925 -0.161126 2.29567e-05 -1.16972e-15 -4.87772e-17 -0.295227  0.37498 0.307925 -0.115589 2.94397e-15 1.00095e-15 0.0413795 -0.0557478 -0.0397934 0.275266 -0.121295 0.0296589 -0.0699823 1.87701e-05 -2.56606e-16 0.0875162 -0.150091 -0.159353 0.0752424 -0.13286 -0.122359 0.0503608 -5.45107e-06 -5.47483e-16 -0.147723 0.0944248 0.00679278 0.041881 -1.56427e-05
-0.163532 -0.0952645 0.00152846 0.104944 0.000662778 1.82914e-17 0.0569864 0.114553 0.0275325 0.147661 -0.17115 -0.0358565 -0.166811 -0.000392652 -8.07813e-16 -0.196225 -0.159185 -0.00667364 0.134808 0.00123502 -0.00895404 -0.0619582 -0.000185654 -1.04139e-15 4.45516e-18 -0.262925 -0.0692872 -0.416754 -0.00132457 5.3463e-16 2.75515e-17 -0.239993 -0.366505 -0.0692872 -0.298973 1.86367e-16 5.5513e-17 0.0336378 0.0544878 0.00895404 0.223767 0.118554 -0.00667364 -0.18101 -0.00108301 2.84063e-17 0.0711427 0.146698 0.0358565 0.194615 0.129857 0.0275325 0.130259 0.00031452 5.00747e-16 -0.120086 -0.0922905 -0.00152846 0.108326 0.000902567
0.255663 -0.00197149 0.0357197 -0.0450103 0.00196313 0.0507568 0.00736249 -0.00158935 0.103225 0.161034 -0.00290903 0.163947 0.236533 -0.00112178 -0.0117906 -0.23516 0.00119472 0.0285125  0.19869 -0.00453123 0.101346 0.318135 -0.00675164 0.0234119 5.56113e-18 0.00149365 -0.0703015 -0.0503096 -0.00168865 0.0188775 0.0850049 -0.121628 -0.000593637 0.0703015 0.126584 3.55065e-16 -0.105423 0.486299 -0.00375389 0.101346 -0.32637 0.00234448 -0.0285125 0.101251 -0.00326489 0.053093 0.0807978 -0.00279101 0.163947 0.246535 0.00190015 -0.103225 -0.134695 0.000102219 0.0112718 -0.141398 0.000531107 0.0357197  0.16708 -0.00354956
-0.0087191 0.208812 -0.0457746 -0.0159281 -1.29071e-06  0.10118 -0.000251089 0.168338 -0.132282 0.0569861 0.308113 -0.210098 0.0837035 7.37537e-07 0.117983 0.00801985 -0.12654 -0.0365386 0.0703118 2.97916e-06 -0.129874 0.112581 4.43902e-06 -0.234272 9.17908e-16 -0.158201 0.090091 -0.0178034 1.11024e-06 -0.188898 0.169452 0.00414798 0.0628756 -0.090091 0.0447951 3.11002e-16 -0.210154 -0.0165847 0.397597 -0.129874 0.0111305 -0.248318 0.0365386 0.0358302 2.14658e-06 0.105837 -0.00275552 0.295613 -0.210098 0.0872428 -0.201256 0.132282 -0.0476653 -6.72061e-08 -0.112792 0.00482221 -0.0562527 -0.0457746 0.0591257 2.33374e-06
0.0329613 -0.0524658 -0.0776639 -0.0285838 9.29574e-06 -0.144509 0.000949205 -0.0422963 -0.224438 0.102265 -0.0774159 -0.356464  0.15021 -5.31179e-06 -0.108949 -0.0303179 0.0317944 -0.0619936 0.126178 -2.14561e-05 -0.220352 0.202032 -3.19701e-05 0.216332 2.58261e-16 0.0397494 0.152854 -0.0319491 -7.99602e-06 0.174433 -0.242017 -0.0156808 -0.015798 -0.152854 0.0803871 -9.70033e-16  0.30015 0.0626958 -0.0998997 -0.220352 -0.0420771 0.062392 0.0619936 0.0642992 -1.54598e-05 -0.151161 0.0104168 -0.0742753 -0.356464 0.156562 0.0505673 0.224438 -0.0855378 4.84023e-07 0.104155 -0.0182297 0.014134 -0.0776639 0.106104 -1.68077e-05
-0.0478291 0.0977377 0.0113386 0.00118676 -6.75994e-06 0.0888159 -0.00137736 0.0787931 0.0327668 -0.0042459 0.144217 0.052042 -0.00623654 3.86277e-06 -0.303399 0.0439933 -0.0592291 0.00905076 -0.00523876 1.5603e-05 0.0321703 -0.0083881 2.32489e-05  0.60244 3.25002e-16 -0.0740485 -0.0223159 0.00132649 5.81477e-06  0.48576 0.148744 0.022754 0.0294299 0.0223159 -0.00333757 2.91236e-16 -0.184473 -0.0909761 0.186101 0.0321703 0.0610568 -0.116229 -0.00905076 -0.00266962 1.12425e-05 0.0929037 -0.0151155 0.138366 0.052042 -0.00650025 -0.0942009 -0.0327668 0.00355142 -3.51985e-07 0.290049 0.0264525 -0.0263299 0.0113386 -0.00440531 1.22227e-05
0.00829606 -0.141284 -0.0385416 0.00281564 0.000302057 0.257887 0.000238907 -0.113899 -0.11138 -0.0100736 -0.208471 -0.176899 -0.0147965 -0.000172602 -0.00282295 -0.00763074 0.0856182 -0.030765 -0.0124292 -0.000697196 -0.109352 -0.0199011 -0.00103884 0.00560534 4.62196e-16  0.10704 0.0758553 0.00314714 -0.000259823 0.0045197 0.431896 -0.00394672 -0.0425421 -0.0758553 -0.00791853 2.38953e-16 -0.535638  0.01578 -0.269017 -0.109352 -0.0105904 0.168014 0.030765 -0.00633379 -0.000502352 0.269757 0.00262182 -0.200014 -0.176899 -0.0154221 0.136171  0.11138 0.0084259 1.57279e-05 0.00269873 -0.00458824 0.038061 -0.0385416 -0.0104518 -0.000546152
0.0046206 9.95136e-05 8.00385e-05 -1.64607e-05 -0.19895 0.000702165 0.000133062 8.02248e-05 0.0002313 5.88919e-05 0.000146837 0.000367363 8.65028e-05 0.113684 -0.000351905 -0.00425004 -6.03054e-05 6.38891e-05 7.26632e-05  0.45921 0.000227089 0.000116346 0.684234 0.000698754 6.24872e-19 -7.5394e-05 -0.000157527 -1.83988e-05 0.171133 0.00056342 0.00117595 -0.00219818 2.99646e-05 0.000157527 4.62931e-05 2.7095e-18 -0.00145842 0.00878887 0.000189483 0.000227089 -0.00589847 -0.000118341 -6.38891e-05 3.70285e-05 0.330875 0.000734483 0.00146026 0.00014088 0.000367363 9.01604e-05 -9.59126e-05 -0.0002313 -4.92593e-05 -0.0103592 0.00033642 -0.00255548 -2.68083e-05 8.00385e-05 6.1103e-05 0.359724
0.246008 0.0402442 -0.0248356 0.0501783 0.00168378 -0.0212431 0.00708443 0.0324436 -0.0717714 -0.179524 0.0593823 -0.113991 -0.263692 -0.000962145 -0.027853 -0.226278 -0.024388 -0.0198245 -0.221503 -0.00388643 -0.0704648 -0.354663 -0.00579087 0.0553059 -1.49824e-17 -0.03049  0.04888 0.056086 -0.00144835 0.0445942 -0.0355768 -0.117034 0.012118 -0.04888 -0.141118 -1.2993e-16 0.0441224 0.467933 0.0766286 -0.0704648 -0.314044 -0.0478581 0.0198245 -0.112876 -0.0028003 -0.0222208 0.0777463 0.0569733 -0.113991 -0.274841 -0.0387879 0.0717714  0.15016 8.76729e-05 0.0266274 -0.136058 -0.0108415 -0.0248356 -0.186264 -0.00304445
-0.164118 -0.00101393 -0.0985275 -0.010343 -0.00541199 2.89594e-16 -0.311111 0.00151511 -0.0431069 -0.0374805 0.00375763 0.0741655 -0.0283136 0.00998542 -1.08899e-16 0.323929 0.00106375 0.149177 0.0254664 0.00462275 0.252702 0.0838384 -0.0109122 1.79302e-16 6.87082e-20 -0.00343377 -0.104709 0.00586248 -0.00521795 1.52289e-16 8.36234e-16 -0.219672 0.000393898 -0.104709 -0.0511056 7.41742e-19 -4.25156e-16 0.459398 -0.00563308 -0.252702 0.194615 0.00171108 0.149177 0.015832 0.00769439 2.02892e-16 -0.42038 0.00190239 -0.0741655 -0.0559256 -0.0025183 -0.0431069 0.0225498 -0.00738993 1.83163e-16 0.227841 0.000694941 0.0985275 0.0150906 0.00389834
-0.0816372 0.0162671 0.124803 0.0522409 0.00386884 2.29719e-16 -0.154756 -0.0243078 0.0546029 0.189309 -0.0602858 -0.0939444 0.143009 -0.00713823 6.51494e-18 0.161132 -0.0170664 -0.18896 -0.128628 -0.00330464 -0.320094 -0.423457 0.00780077 1.73843e-16 8.96416e-18  0.05509 0.132634 -0.0296106 0.00373013 -1.41496e-16 5.82927e-16 -0.109272 -0.00631954 0.132634 0.258128 -2.26515e-17 -6.28346e-16 0.228519 0.0903748 0.320094 0.0968073 -0.0274519 -0.18896 -0.0799655 -0.00550045 1.93547e-16 -0.20911 -0.0305211 0.0939444 0.282473 0.0404026 0.0546029 -0.113896 0.0052828 -7.19493e-17 0.113335 -0.0111493 -0.124803 -0.0762206 -0.00278679
0.0301789 0.101419 -0.0782997 0.0216937 -0.000210694 2.30901e-16 0.0572089 -0.151549 -0.0342571 0.0786129 -0.375857 0.0589393 0.059386 0.000388743 -9.54335e-17 -0.0595659 -0.106402 0.118551 -0.0534142 0.000179968 0.200822 -0.175846 -0.000424824 1.45312e-16 1.69442e-16 0.343463 -0.0832124 -0.0122962 -0.00020314 2.70153e-16 2.17684e-16 0.0403946 -0.0393997 -0.0832124 0.107191 -3.92058e-16 -7.24014e-17 -0.0844767 0.563449 -0.200822 -0.0357869 -0.171151 0.118551 -0.0332067 0.000299551 1.91902e-16 0.0773019 -0.190286 -0.0589393   0.1173 0.251893 -0.0342571 -0.0472967 -0.000287697 -3.94914e-17 -0.0418967 -0.0695115 0.0782997 -0.0316516 0.000151766
-0.0344349 0.0551624  0.10533 -0.0554838 2.86994e-05 3.64322e-16 -0.0652768 -0.0824288 0.046083 -0.20106 -0.204431 -0.0792858 -0.151886 -5.29519e-05 -5.06827e-17 0.0679662 -0.0578726 -0.159476 0.136612 -2.45141e-05 -0.270148 0.449743 5.78667e-05 -6.36386e-17 -4.75895e-17 0.186812 0.111938 0.0314487 2.76704e-05 -1.95262e-16 1.44165e-15 -0.0460912 -0.0214298 0.111938 -0.274151 5.92639e-16 -6.41535e-16  0.09639 0.306464 0.270148 0.0408337 -0.0930904 -0.159476 0.0849294 -4.08028e-05 1.6954e-16 -0.0882033 -0.103498 0.0792858 -0.300008 0.137007 0.046083 0.120966 3.91882e-05 -9.05283e-17 0.0478052 -0.0378078 -0.10533 0.0809521 -2.06726e-05
0.0021547 0.000185479 0.00394926 0.000960722 -0.262225 -2.73326e-18 0.00408457 -0.00027716 0.00172785 0.00348143 -0.000687383 -0.00297277 0.00262996 0.483819 8.95183e-17 -0.00425286 -0.000194592 -0.00597944 -0.00236549 0.223984 -0.010129 -0.00778746 -0.528725 -6.9361e-17 -1.05149e-20 0.00062814 0.00419705 -0.000544545 -0.252823 -1.777e-16 -8.67549e-18 0.00288407 -7.20558e-05 0.00419705 0.00474702 3.03693e-20 -5.07917e-19 -0.00603142 0.00103046 0.010129 -0.00255509 -0.000313009 -0.00597944 -0.00147058 0.372813 -1.4675e-18 0.00551916 -0.000348003 0.00297277 0.00519474 0.000460673 0.00172785 -0.00209457 -0.358061 -9.50644e-17 -0.00299132 -0.000127126 -0.00394926 -0.00140171 0.188885
-5.77809e-16 -0.13942 -0.000331119 0.163645 -5.2548e-17 -7.24808e-17 -8.45187e-16 -0.16989 -0.0430173 0.164606  0.19717 -0.0606178 -0.284336 9.9083e-17 5.54875e-17 2.19585e-16 0.195673 -0.000290455 -0.233203 7.24463e-17 0.172264 0.328839 -9.26336e-17 -1.20612e-16 1.50314e-20 -0.137303 0.0435203  0.20208 3.47193e-17 -2.88934e-16 -2.45405e-16 -9.97146e-16 -0.170551 -0.0435203 0.162685 4.01243e-18 2.19514e-17 1.30542e-15 0.277533 0.172264 6.2996e-16 0.196819 0.000290455 -0.231845 7.80037e-17 -2.59048e-17 -9.67409e-16 -0.239974 -0.0606178 0.233619 -0.138924 0.0430173 0.201296 -3.98527e-17 -1.60715e-17 1.93502e-16 0.138113 -0.000331119 -0.165194 5.8503e-17
-1.8208e-16 -0.175709 0.000179603 -0.134725 4.46741e-17 1.93926e-16 -9.8908e-16 -0.214109 0.0233331 -0.135516  0.24849 0.0328798 0.234087 9.25098e-17 -8.56315e-17 6.90056e-16 0.246603 0.000157546 0.191991 -2.22091e-18 -0.093438 -0.270725 -1.4021e-16 1.03192e-16 2.48834e-18 -0.173041 -0.0236059 -0.166368 -9.9507e-17 -6.04396e-16 4.15013e-16 -2.33467e-16 -0.214943 0.0236059 -0.133935 2.36662e-16 2.48362e-16 1.04391e-15 0.349771 -0.093438 2.91239e-16 0.248048 -0.000157546 0.190873 -5.90354e-17 2.49097e-16 -1.39831e-15 -0.302435 0.0328798 -0.192333 -0.175084 -0.0233331 -0.165722 -3.82173e-17 8.71313e-17 5.07537e-16 0.174062 0.000179603    0.136 -4.98064e-19
1.61957e-15 -0.0126374 0.00115584 0.067815 2.2808e-17 -3.88448e-18 3.07383e-15 -0.0153993  0.15016 0.068213 0.017872 0.211599 -0.117829 3.82307e-19 -3.68419e-16 -2.82594e-15 0.0177363 0.00101389 -0.09664 1.67768e-17 -0.601323 0.136272 6.36853e-17 4.55817e-16 -3.64325e-17 -0.0124455 -0.151917 0.0837424 2.908e-17 7.99598e-16 -6.59566e-16 2.44695e-15 -0.0154593 0.151917 0.067417 8.8696e-17 8.17296e-16 -4.24812e-15 0.0251564 -0.601323 -2.03105e-15 0.0178402 -0.00101389 -0.0960772 4.96557e-18 1.6751e-16 4.08643e-15 -0.0217519 0.211599 0.0968123 -0.0125924 -0.15016 0.0834175 3.37923e-17 3.27743e-16 -1.96897e-15 0.012519 0.00115584 -0.0684566 -3.59608e-18
1.13412e-15 6.22406e-14 0.182574 -6.81976e-14 2.76895e-16 -8.41484e-17 2.00523e-15 7.59409e-14 0.223607 -6.76972e-14 -8.76194e-14 -0.316228 1.20596e-13 -4.95962e-16 1.0107e-16 -2.33644e-15 -8.73058e-14 -0.258199 9.69055e-14 -2.93194e-16 0.447214 -1.41936e-13 4.22125e-16 1.15736e-16 -4.85221e-38 6.07131e-14 0.223607 -8.54992e-14 2.38862e-16 -7.9128e-17 -3.11484e-16 1.16321e-15 7.61014e-14 0.223607 -6.66784e-14 1.31184e-26 4.27317e-17 -2.26542e-15 -1.23502e-13 -0.447214 -1.63944e-15 -8.78325e-14 -0.258199 9.65189e-14 -4.20616e-16 2.2587e-19 2.69462e-15 1.07265e-13 0.316228 -9.62151e-14 6.15795e-14 0.223607 -8.54958e-14 3.49971e-16 -1.27746e-16 -1.74256e-15 -6.14637e-14 -0.182574 6.87622e-14 -2.5567e-16
0.069551 0.0991363 -0.271744 0.0442825 -0.0110841 0.108247 0.049576 0.0178437 0.0014308 -0.00273805 0.00799016 -0.0729518 0.0247769 -0.012367 -0.0551084 0.138118 0.144824 -0.292479 0.0346504 -0.00610376 0.0593544 -0.0156727 0.00573012 0.0164483 2.69385e-17 0.0951212 -0.339156 0.066723 -0.0220555 -0.0693144 -0.309076 -0.239479 -0.195503 0.339156 -0.0324638 -1.08173e-16 -0.0733436 -0.0622178 -0.045922 0.0593544 -0.0662748 -0.101528 0.292479 -0.0494267 0.0127203 0.245731 0.134281 0.072598 -0.0729518 0.00272695 0.00802267 -0.0014308 -0.00608986 0.00456584 0.0242759 0.120352 0.129751 -0.271744 0.0338341 -0.0064055
-0.0417395 0.0122081 0.0888717 0.294762 -0.00890044 0.0702472 -0.0297519 0.00219736 -0.000467933 -0.0182255 0.000983947 0.0238583 0.164924 -0.0099306 -0.286956 -0.0828883 0.0178343 0.0956527 0.230646 -0.00490126 -0.0194114 -0.104323 0.00460123 0.0856479 -3.42611e-17 0.0117137 0.110918 0.444134 -0.0177103 -0.360928 -0.200575 0.143718 -0.0240752 -0.110918 -0.216091 -1.68455e-17 -0.0475964 0.0373386 -0.00565506 -0.0194114 0.0397733 -0.0125027 -0.0956527 -0.329003 0.0102143 0.159467 -0.080586 0.00894007 0.0238583 0.0181516 0.000987951 0.000467933 -0.0405365 0.00366633 0.126407 -0.0722263 0.0159782 0.0888717 0.225213 -0.00514355
0.0159114 0.164327 0.048458 -0.136782 0.000662772 -0.0847736 0.0113417 0.0295774 -0.000255144 0.00845738 0.0132443 0.0130089 -0.0765318 0.000739483 -0.388815 0.0315977 0.240057 0.0521554 -0.107029 0.000364973 -0.0105842 0.0484103 -0.000342631  0.11605 1.79389e-16 0.157671 0.060479 -0.206097 0.0013188 -0.489045 0.242052 -0.0547864 -0.324062 -0.060479 0.100275 -2.42195e-16 0.0574388 -0.0142338 -0.0761195 -0.0105842 -0.0151619 -0.168291 -0.0521554 0.152671 -0.000760609 -0.192443 0.0307201 0.120337 0.0130089 -0.00842311 0.0132982 0.000255144 0.0188106 -0.000273013 0.171277 0.0275333 0.215073 0.048458 -0.104508 0.000383015
-0.178251 0.0682258 -0.115578 -0.0525928 -0.00689284 0.0135132 -0.127057 0.0122801 0.000608546 0.00325188 0.00549884 -0.0310277 -0.0294266 -0.00769063 0.0397978 -0.353979 0.099668 -0.124396 -0.041153 -0.00379572 0.0252445 0.0186139 0.00356337 -0.0118785 1.04125e-18 0.0654626 -0.144249 -0.0792445 -0.0137155 0.050057 -0.0385841 0.613754 -0.134546 0.144249 0.038556 -1.16762e-17 -0.00915597 0.159457 -0.0316036 0.0252445 0.169854 -0.0698718 0.124396 0.0587023 0.00791034 0.0306762 -0.344147 0.0499621 -0.0310277 -0.0032387 0.00552122 -0.000608546 0.00723271 0.00283934 -0.0175314 -0.308446 0.0892949 -0.115578 -0.0401835 -0.00398336
-0.00971773 -0.174784 -0.176369 0.0313908 -0.000913788 -0.124562 -0.00692681 -0.0314597 0.000928627 -0.00194093 -0.0140872 -0.0473475 0.0175637 -0.00101955 -0.244901 -0.0192979 -0.255334 -0.189826 0.0245628 -0.000503202 0.0385224 -0.01111 0.000472398 0.0730958 7.65453e-17 -0.167705 -0.220121 0.0472983 -0.00181828 -0.308032 0.355659 0.0334602 0.344685 0.220121 -0.0230128 -1.63093e-16 0.0843977 0.00869313 0.0809637 0.0385224 0.00925998 0.179001 0.189826 -0.0350374 0.00104868 -0.282767 -0.0187619 -0.127995 -0.0473475 0.00193307 -0.0141445 -0.000928627 -0.00431695 0.000376414 0.107882 -0.0168156 -0.22876 -0.176369 0.0239842 -0.000528077
-0.0121352 -0.121406 0.0412538 -0.193779 0.000459314 0.167819 -0.00865 -0.021852 -0.000217212 0.0119816 -0.00978501 0.0110749 -0.108423 0.000512476 -0.225474 -0.0240987 -0.177356 0.0444015 -0.151629 0.000252933 -0.00901066 0.068583 -0.00023745 0.0672974 7.41596e-17 -0.116488 0.0514877 -0.291977 0.000913955 -0.283597 -0.479171 0.0417841 0.239419 -0.0514877  0.14206 9.95861e-17 -0.113707 0.0108557 0.0562376 -0.00901066 0.0115636 0.124334 -0.0444015 0.216289 -0.000527117 0.380965 -0.0234294 -0.0889059 0.0110749 -0.011933 -0.00982482 0.000217212 0.026649 -0.000189204 0.0993238 -0.0209989 -0.158897 0.0412538 -0.148057 0.000265437
0.00247445 -0.00429945 0.00947977 -0.00868802 -0.340719 -0.00523447 0.00176379 -0.000773865 -4.99134e-05 0.000537191 -0.000346526 0.00254492 -0.0048611 -0.380155 0.00808017 0.00491388 -0.00628087 0.0102031 -0.00679823 -0.187626 -0.00207057 0.0030749  0.17614 -0.0024117 2.41204e-19 -0.00412531 0.0118314 -0.0130907 -0.677971 0.0101631 0.0149459 -0.00852005 0.00847878 -0.0118314 0.00636924 4.29583e-18 0.00354664 -0.00221355 0.00199159 -0.00207057 -0.00235789 0.00440317 -0.0102031 0.00969728 0.391015 -0.0118827 0.00477739 -0.00314851 0.00254492 -0.000535014 -0.000347936 4.99134e-05 0.0011948 0.140351 -0.00355941 0.00428181 -0.00562718 0.00947977 -0.00663808 -0.196901
3.35641e-16 -0.179947 0.146828 0.127355 2.11281e-16 -2.99112e-16 -3.93071e-17 0.0463867 -0.0560296 -0.078313 0.254484 -0.127557 -0.0739895 1.53479e-16 -3.25336e-16 7.78394e-16 -0.207586 0.168194 0.144864 1.22716e-16 0.00113164 0.00079892 -5.28592e-17 6.63952e-17 1.31007e-19 0.473519 -0.235291 -0.135303 4.57525e-16 -3.76363e-16 5.43663e-16 -9.97301e-16 -0.192386 0.235291 0.333022 -4.36417e-17 1.58372e-16 -4.85365e-16 -0.00113597 0.00113164 -2.65716e-16  0.20598 -0.168194 -0.145994 -2.00616e-16 -5.43902e-16 5.51416e-16 0.105204 -0.127557 -0.178977 -0.111352 0.0560296 0.0326235 -2.22535e-17 1.74957e-16 7.29577e-16 -0.181083 0.146828 0.126556 1.27808e-16
2.39273e-16 0.130202 0.249926 -0.0311684 9.19801e-17 -2.88106e-16 4.78222e-17 -0.0335633 -0.0953715 0.0191661 -0.184133 -0.217123 0.018108 8.05421e-17 -6.68356e-16 4.45707e-16   0.1502 0.286294 -0.0354536 2.22481e-17 0.00192624 -0.000195525 7.10461e-18 1.63996e-16 -9.1642e-17 -0.342617 -0.400504 0.0331137 2.80174e-17 -1.27372e-15 5.56852e-16 -3.53401e-16 0.139202 0.400504 -0.0815028 -8.52218e-17 5.02329e-16 -3.54571e-16 0.000821937 0.00192624 -2.07194e-16 -0.149038 -0.286294 0.0357301 -1.39687e-16 -3.63478e-16 2.85485e-16 -0.0761211 -0.217123 0.0438022 0.0805692 0.0953715 -0.00798416 -7.84843e-18 2.42601e-16 2.74212e-16 0.131024 0.249926 -0.0309729 4.5444e-18
1.08118e-16 0.123009 -0.0497479 0.219296 -2.08544e-16 -4.2479e-16 2.00641e-17 -0.0317092 0.0189837 -0.134849 -0.173961 0.0432185 -0.127405 -1.49507e-16 7.64659e-16 7.72341e-17 0.141902 -0.0569869 0.249446 -8.78511e-17 -0.000383418 0.00137568 1.09945e-16 -1.57818e-16 -4.84143e-19 -0.323689 0.0797205 -0.232983 -2.30581e-16 9.67445e-16 1.13371e-15 -2.38343e-16 0.131511 -0.0797205 0.573441 2.09713e-16 1.81653e-16 -1.38263e-16 0.00077653 -0.000383418 -2.29542e-17 -0.140804 0.0569869 -0.251391 1.52842e-16 -9.15791e-16 1.42969e-16 -0.0719159 0.0432185 -0.308185 0.0761182 -0.0189837 0.0561753 8.96708e-17 -3.76952e-16 6.96856e-17 0.123785 -0.0497479  0.21792 -6.2741e-17
0.00356055 -0.0989505 -0.363041 -0.0170626 -2.61235e-17 5.0107e-18 0.00175053 -0.0797269 -0.441723 -0.0345701 -0.0441218 -0.304845 -0.029725 2.11778e-16 1.5426e-17 4.20696e-05 -0.0223693 -0.243888 -0.0353011 -4.08678e-16 0.0148042 0.00170927 -1.85694e-17 9.76497e-18 1.98206e-20 -0.00173862 -0.00419784 0.000302072 1.31106e-16 -6.8462e-18 -1.29905e-18 -4.34903e-05 0.000588201 -0.00419784 -0.000892873 -2.73339e-19 -2.59816e-20 7.43457e-05 -0.00332833 -0.0148042 0.00257919 -0.0687392 -0.243888 -0.0114878 8.39719e-17 2.95994e-18 -0.00133583 0.0578811 0.304845 0.0226588 -0.0673156 -0.441723 -0.0409439 8.9464e-17 7.32919e-18 3.56331e-05 0.0332246 0.363041 0.0508162 3.3261e-16
2.02602e-18 -1.6091e-17 -1.90346e-16 -9.32776e-18 -0.0072451 5.46443e-34 -4.17483e-18 2.13154e-18 -7.08634e-17 -7.13181e-18 4.86984e-18 -1.38465e-17 -4.57328e-18 0.271607 -3.30011e-18 2.24602e-17 -3.9489e-17 -3.42942e-16 -2.39115e-17 0.524415 4.61377e-18 4.75301e-19 -0.0151163 1.82298e-19 8.96119e-71 1.50561e-18 4.1676e-18 -2.83426e-19 -0.00884267 8.14684e-19 -1.00708e-34 -2.07586e-18 3.10752e-18 1.06773e-17 -3.57268e-19 -1.46013e-52 1.10299e-35 3.1228e-19 -9.42644e-19 -8.7891e-18 1.49282e-18 -8.1412e-18 -9.42507e-17 -4.50285e-18 0.00855381 -1.97584e-34 4.1786e-18 -3.61551e-18 3.32641e-17 4.08167e-18 5.26808e-18 -1.98198e-17 -5.011e-18 0.355926 -3.81521e-18 -2.90486e-17 4.33853e-17 3.72786e-16 2.64245e-17 -0.723949
0.0342619 -0.01007 0.0360678 -0.183694 6.42474e-16 -5.71369e-17 0.0168447 -0.00811361 0.0438848 -0.372179 -0.00449016 0.0302861 -0.320017 -1.78108e-16 -2.34594e-16 0.000404821 -0.00227647 0.0242301 -0.380049 1.08095e-16 -0.00147079 0.0184019 1.05061e-17 -8.78495e-17 1.1669e-16 -0.000176935 0.000417052 0.00325208 -1.16274e-17 2.07409e-17 8.89011e-17 -0.000418491 5.98597e-05 0.000417052 -0.0096126 1.48639e-17 6.38528e-18 0.000715402 -0.000338716 0.00147079 0.0248187 -0.00699542 0.0242301 -0.123677 4.21929e-16 -3.58616e-17 -0.0128542 0.00589042 -0.0302861 0.243943 -0.00685055 0.0438848 -0.440799 -2.38249e-16 -2.38622e-16 0.000342884 0.00338119 -0.0360678 0.547084 -1.12601e-16
 0.67332 -0.196538 0.0240305 0.0105716 -9.92682e-17 1.06304e-16 0.331035 -0.158355 0.0292386 0.0214188 -0.0876355 0.0201784 0.0184169 3.07352e-17 1.57633e-16 0.0079556 -0.0444303 0.0161435 0.0218718 1.3427e-17 -0.000979926 -0.00105903 1.63931e-17 -1.36366e-17 -9.21989e-18 -0.00345329 0.000277864 -0.000187157 1.03721e-17 -7.43309e-17 -8.11427e-17 -0.00822426 0.0011683 0.000277864 0.000553204 -4.06238e-17 -1.52386e-17 0.0140592 -0.00661079 0.000979926  0.48774 -0.136531 0.0161435 0.00711757 -6.01996e-17 -4.80543e-17 -0.252613 0.114965 -0.0201784 -0.0140389 -0.133704 0.0292386 0.0253679 3.11628e-17 2.18376e-16 0.00673842 0.0659914 -0.0240305 -0.0314846 1.01816e-17
-0.263734 -0.504409 0.0611348 0.00289533 -1.38858e-16 1.42549e-17 -0.129664 -0.406415 0.0743846 0.00586615 -0.224915 0.0513349 0.00504399 5.99046e-17 -9.93642e-17 -0.00311615 -0.114029 0.0410699 0.00599021 4.60928e-17 -0.00249298 -0.000290044 1.6464e-17 5.02212e-17 2.39461e-18 -0.00886279 0.000706901 -5.12582e-05 -2.00507e-17 3.54247e-17 2.02326e-17 0.00322138 0.00299841 0.000706901 0.000151511 1.55294e-17 6.78111e-18 -0.00550688 -0.0169665 0.00249298 -0.191044 -0.350404 0.0410699 0.00194935 -9.83993e-17 4.28252e-17 0.0989464 0.295054 -0.0513349 -0.00384495 -0.343148 0.0743846 0.00694772 2.47596e-17 -1.95254e-16 -0.00263939 0.169366 -0.0611348 -0.00862295 1.05637e-17
0.0383601 0.181271 -0.326649 0.0101383 -0.0569935 -1.31331e-16 -0.0823716 -0.221329 0.259663 -0.00487758 -0.13697 0.196279 -0.00450333 0.0163748 -8.15015e-17 0.143616 0.255171 -0.229579 0.00368764 -0.00940088 0.00161238 -4.55726e-05 0.000166683 -1.89762e-17 -5.33236e-20 -0.0107529 0.0163047 -0.000394879 0.00151233 2.70083e-17 2.14959e-17 -0.00564868 -0.0145397 0.0163047 -0.000292035 -1.97262e-18 1.54743e-16 0.000622576 0.00167801 -0.00161238 0.0351131 0.135781 -0.229579 0.00693011 -0.0384504 5.12655e-17 0.0611614 0.165816 -0.196279 0.00371992 -0.179596 0.259663 -0.006011 0.0220535 -1.33615e-16 -0.212876 -0.373298 0.326649 -0.00492307 0.0102702
-0.0186891 0.0559924 0.00414623 0.00264322  0.73511 -5.36292e-17 0.0401316 -0.068366 -0.00329597 -0.00127167 -0.0423084 -0.00249141 -0.0011741 -0.211205 4.35198e-17 -0.0699699 0.0788194 0.0029141 0.000961433 0.121254 -2.04663e-05 -1.18816e-05 -0.0021499 7.65965e-18 -4.98954e-21 -0.00332146 -0.00020696 -0.000102952 -0.0195062 -1.35678e-17 9.19166e-18 0.00275205 -0.00449114 -0.00020696 -7.61388e-05 -7.12593e-20 9.1759e-18 -0.00030332 0.000518319 2.04663e-05 -0.0171072 0.0419413 0.0029141 0.0018068 0.495939 2.66623e-17 -0.029798 0.0512185 0.00249141 0.000969849 -0.0554751 -0.00329597 -0.00156718 -0.284449 6.61456e-17 0.103714 -0.115307 -0.00414623 -0.00128353 -0.132466
-0.0693648 -0.104025 -0.217034 0.371632 -5.17119e-06 8.15644e-16 0.148949 0.127013 0.172527 -0.178795 0.0786023 0.130413 -0.165076 1.48574e-06 -5.83464e-16 -0.259694 -0.146434 -0.152538 0.135175 -8.5297e-07 0.00107131 -0.00167053 1.51237e-08 -6.81958e-17 5.18114e-17 0.00617074 0.0108333 -0.0144748 1.37218e-07 1.98117e-16 -1.39845e-16 0.0102142 0.00834383 0.0108333 -0.010705 -4.47159e-17 3.62966e-17 -0.00112578 -0.000962954 -0.00107131 -0.0634934 -0.0779202 -0.152538 0.254033 -3.48872e-06 -3.65081e-16 -0.110595 -0.0951559 -0.130413 0.136359 0.103064 0.172527 -0.220342 2.00098e-06 -9.65431e-16 0.384933 0.214223 0.217034 -0.180462 9.31846e-07
-0.0943581 0.182538 0.128185 0.00770751 -0.168843 -1.91253e-16 0.202618 -0.222876 -0.101898 -0.00370813 -0.137927 -0.0770245 -0.00342361 0.0485103 -1.3515e-16 -0.353266 0.256955 0.0900923 0.00280349 -0.02785 -0.000632737 -3.46461e-05 0.000493797 5.75834e-17 -5.94908e-21 -0.0108281 -0.00639836 -0.000300203 0.00448026 2.08362e-17 3.31583e-17 0.0138946 -0.0146413 -0.00639836 -0.000222017 4.03654e-19 -1.23656e-17 -0.00153141 0.00168974 0.000632737 -0.0863712  0.13673 0.0900923 0.00526854 -0.113909 9.98355e-17 -0.150445 0.166975 0.0770245 0.00282803 -0.180851 -0.101898 -0.0045698 0.0653332 -1.64274e-16 0.523631 -0.375907 -0.128185 -0.00374271 0.0304254
0.0551619 0.0743471 0.174913 0.474348 -0.000130638 2.672e-15 -0.118451 -0.0907767 -0.139044 -0.228212 -0.0561774 -0.105103 -0.210701 3.75337e-05 1.88837e-16  0.20652 0.104657 0.122934 0.172537 -2.15483e-05 -0.000863392 -0.00213224 3.82064e-07 -4.28315e-17 8.24972e-19 -0.00441025 -0.0087308 -0.0184755 3.46649e-06 -1.59713e-16 -5.05686e-16 -0.00812282 -0.00596337 -0.0087308 -0.0136637 -6.03196e-17 1.04088e-16 0.000895266 0.000688226 0.000863392 0.0504928 0.0556898 0.122934 0.324245 -8.81344e-05 -1.35241e-15 0.0879503 0.0680082 0.105103 0.174047 -0.0736601 -0.139044 -0.281242 5.055e-05 2.50482e-16 -0.306116 -0.153106 -0.174913 -0.23034 2.35409e-05
0.235035 -0.197437 -0.00925134 2.70389e-05 0.00334695 -0.0412747 -0.569705 0.292147 0.00909847 -1.62365e-05 -0.0635576 -0.00496559 2.22025e-05 0.0045725 0.0970757 -0.218475 0.185239 0.00875722 -2.58132e-05 -0.00322135 0.000265642 -1.40168e-06 -0.000278517 -0.00466394 -2.59914e-19 0.0117155 0.00101349 -4.93866e-06 -0.00109503 -0.0247901 0.00669863 0.0825026 -0.0373529 -0.00101349 1.54897e-06 -1.29177e-17 -0.00126026 -0.0209842 0.0106014 0.000265642 0.242706 -0.195234 -0.00875722 2.44917e-05 0.00289975 0.0262312 0.344504 -0.167925 -0.00496559 8.40336e-06 -0.122802 -0.00909847 3.86266e-05 0.00756152 0.152748 0.252168 -0.204505 -0.00925134 2.61044e-05 0.00311954
-0.0364788 -0.127933 0.026488 -0.211806 2.637e-07 -0.400426 0.0884216 0.189301 -0.0260503 0.127187 -0.0411832 0.0142172 -0.173921 3.60259e-07 -0.300807 0.0339086 0.120029 -0.0250732 0.202205 -2.53805e-07 -0.000760573 0.0109799 -2.19439e-08 0.0144521 -1.48686e-16 0.00759122 -0.00290179 0.0386865 -8.62755e-08 0.0768166 0.0649868 -0.0128049 -0.0242034 0.00290179 -0.0121337 -4.06052e-17 -0.0122264 0.00325688 0.00686933 -0.000760573 -0.0376693 -0.126505 0.0250732 -0.191853 2.28466e-07 0.254482 -0.0534691 -0.10881 0.0142172 -0.0658269 -0.0795717 0.0260503 -0.302578 5.95759e-07 -0.473318 -0.039138 -0.132512 0.026488 -0.204487 2.45783e-07
0.0162243 0.0167406 0.394008 0.0242267 -0.0276401 0.00297829 -0.0393263 -0.024771 -0.387498 -0.0145478 0.00538902 0.211481 0.0198933 -0.0377611 0.00564609 -0.0150812 -0.0157063 -0.372964 -0.0231285 0.026603 -0.0113135 -0.0012559 0.00230008 -0.000271263 4.35759e-19 -0.000993347 -0.0431641 -0.00442502 0.00904311 -0.00144183 -0.000483358 0.00569509 0.00316713 0.0431641 0.00138788 1.02091e-17 9.09376e-05 -0.00144853 -0.000898885 -0.0113135 0.0167538 0.0165538 0.372964 0.0219445 -0.023947 -0.00189279 0.0237809 0.0142383 0.211481 0.00752938 0.0104123 0.387498 0.0346093 -0.0624454 0.00888409 0.017407 0.0173398 0.394008 0.0233895 -0.0257621
-0.00349254 -0.100027 -0.00838252 0.241926 0.000349024 0.217196 0.00846565 0.148009 0.008244 -0.145274  -0.0322 -0.00449926 0.198653 0.000476826 -0.358606 0.00324648 0.0938471 0.0079348 -0.23096 -0.000335927 0.000240695 -0.0125413 -2.90441e-05 0.017229 4.77819e-17 0.00593536 0.000918314 -0.044188 -0.000114191 0.0915766 -0.0352496 -0.00122596 -0.018924 -0.000918314 0.0138592 7.46283e-17 0.00663176 0.00031182 0.00537094 0.000240695 -0.00360653 -0.0989109 -0.0079348 0.219136 0.00030239 -0.138034 -0.00511923 -0.0850754 -0.00449926 0.0751879 -0.0622149 -0.008244 0.345606 0.000788525 -0.564264 -0.00374714 -0.103608 -0.00838252 0.233566 0.00032531
  -0.157 -0.255408 0.0189118 0.064709 -0.00131712 -0.0396997 0.380556 0.377926 -0.0185993 -0.0388569 -0.0822193 0.0101508 0.0531346 -0.00179941 0.227789 0.145938 0.239629 -0.0179017 -0.0617757 0.0012677 -0.000543031 -0.00335447 0.000109605 -0.010944 2.88619e-18 0.0151553 -0.00207181 -0.0118191 0.000430926 -0.0581701 0.00644302 -0.0551106 -0.0483203 0.00207181 0.00370698 -2.17831e-16 -0.00121217 0.0140172 0.0137141 -0.000543031 -0.162124 -0.252559 0.0179017 0.0586131 -0.00114114 0.0252303 -0.230124 -0.217231 0.0101508 0.0201108 -0.158859 0.0185993 0.0924406 -0.00297568 0.358425 -0.168445 -0.264551 0.0189118 0.0624727 -0.00122763
-0.014929 -0.0684903 0.0166235 -0.193068 -7.63018e-09 0.698517 0.0361867 0.101345 -0.0163488 0.115935 -0.0220479 0.00892252 -0.158534 -1.04241e-08 -0.042276 0.0138772 0.0642589 -0.0157356 0.184316 7.34386e-09 -0.000477324 0.0100085 6.34947e-10 0.00203112 -1.75669e-16 0.00406405 -0.00182112 0.0352639 2.49639e-09 0.0107959 -0.113365 -0.00524042 -0.0129576 0.00182112 -0.0110603 6.62302e-17 0.0213282 0.00133288 0.00367758 -0.000477324 -0.0154162 -0.0677261 0.0157356 -0.17488 -6.61068e-09 -0.443927 -0.0218823 -0.0582527 0.00892252 -0.0600032 -0.0425997 0.0163488 -0.275809 -1.72383e-08 -0.066521 -0.0160173 -0.070942 0.0166235 -0.186395 -7.11175e-09
-0.00178027 0.0026914 0.0358473 0.00219481 0.305442 0.000302773 0.00431522 -0.00398246 -0.0352549 -0.00131795 0.000866398 0.0192408 0.00180223 0.417285 0.000839502 0.00165484 -0.00252512 -0.0339326 -0.00209532 -0.29398 -0.00102931 -0.000113777 -0.0254174 -4.03333e-05 2.5086e-22 -0.000159701 -0.00392711 -0.000400883 -0.0999322 -0.000214382 -4.91382e-05 -0.000624914 0.000509183 0.00392711 0.000125734 4.08271e-20 9.24473e-06 0.000158945 -0.000144515 -0.00102931 -0.00183837 0.00266137 0.0339326 0.00198805  0.26463 -0.000192421 -0.00260944 0.0022891 0.0192408 0.000682121 0.001674 0.0352549 0.00313541 0.690062 0.00132095 -0.00191004 0.00278774 0.0358473 0.00211896 0.284688
4.13077e-17 0.0498766 0.331267 0.0182751 -1.2307e-16 2.24034e-16 -2.63792e-17 0.0454947 0.453228 0.0408286 -0.0705362 -0.286991 -0.0105589 -7.86897e-16 6.59519e-18 3.65091e-17 -0.043531 -0.289187 -0.0159573 3.26947e-16 0.000298297 1.34315e-05 2.49069e-16 -8.77719e-19 5.24127e-40 0.0116856 0.0476593 0.00175766 1.45641e-16 -1.17236e-17 -3.49819e-17 -4.86033e-17 -0.00480056 -0.0476593 -0.00427851 -3.33066e-22 7.35789e-18 -1.98493e-17 3.66844e-05 0.000298297 8.57739e-18 0.0435829 0.289187 0.0159383 -4.96224e-16 -1.51397e-16 1.83854e-17 -0.0288386 -0.286991 -0.0258259 -0.111512 -0.453228 -0.0166573 -9.67821e-16 2.53141e-17 5.46763e-17 0.0499133 0.331267 0.0182616 -3.41754e-16
1.40948e-15 0.0066536 0.0200728 -0.291277 -1.6096e-16 8.26431e-16 5.89551e-16 0.00606905 0.0274629 -0.650747 -0.00940961 -0.01739 0.168293 4.15357e-17 7.07812e-16 1.69481e-16 -0.00580709 -0.017523 0.254335 -1.84401e-17 1.8075e-05 -0.000214078 -1.61437e-17 -5.41817e-17 1.04492e-24 0.00155887 0.00288787 -0.0280145 -1.72285e-18 -2.56812e-16 -1.16941e-16 1.60439e-17 -0.000640401 -0.00288787 0.068193 9.81329e-17 3.2385e-17 2.49459e-17 4.89375e-06 1.8075e-05 1.21038e-15 0.00581401 0.017523 -0.254032 -7.96504e-17 -4.69215e-16 -3.67738e-16 -0.00384711 -0.01739 0.411625 -0.0148759 -0.0274629 0.265492 4.91719e-17 1.13233e-15 -4.82491e-16 0.00665849 0.0200728 -0.291063 2.44439e-17
-3.74495e-16 -0.287284 0.0579776 -0.00357327 -4.38614e-16 -1.70151e-15 2.38274e-16 -0.262044 0.0793229 -0.0079831 0.406281 -0.0502285 0.00206454 -2.01531e-17 1.31778e-16 -3.68571e-16 0.250734 -0.0506129 0.00312008 -1.01402e-17 5.22073e-05 -2.62622e-06 4.67281e-17 1.39231e-17 -4.08967e-39 -0.0673075 0.00834123 -0.00034367 2.29925e-17 -3.57014e-17 2.65682e-16 -3.53967e-17 0.0276507 -0.00834123 0.000836564 2.59885e-21 -5.58555e-17 7.98002e-17 -0.000211298 5.22073e-05 -2.40671e-16 -0.251033 0.0506129 -0.00311637 -3.16072e-16 1.14792e-15 -2.41618e-16 0.166107 -0.0502285 0.00504965 0.642298 -0.0793229 0.00325694 3.92644e-18 2.15722e-16 5.95448e-16 -0.287495 0.0579776 -0.00357064 1.76069e-17
